0.138706 1
0.146706 2
0.154706 3
0.162706 4
0.170706 5
0.178706 6
0.186706 7
0.194706 8
0.202706 9
0.210706 10
0.218706 11
0.226706 12
0.234706 13
0.242706 14
0.250706 15
0.258706 16
0.266706 17
0.274706 18
0.282706 19
0.290706 20
0.298706 21
0.306706 22
0.314706 23
0.322706 24
0.330706 25
0.338706 26
0.346706 27
0.354706 28
0.362706 29
0.370706 30
0.378706 31
0.386706 32
0.394706 33
0.402706 34
0.410706 35
0.418706 36
0.426706 37
0.434706 38
0.442706 39
0.450706 40
0.458706 41
0.466706 42
0.474706 43
0.482706 44
0.490706 45
0.498706 46
0.506706 47
0.514706 48
0.522706 49
0.530706 50
0.538706 51
0.546706 52
0.554706 53
0.562706 54
0.570706 55
0.578706 56
0.586706 57
0.594706 58
0.602706 59
0.610706 60
0.618706 61
0.626706 62
0.634706 63
0.642706 64
0.650706 65
0.658706 66
0.666706 67
0.674706 68
0.682706 69
0.690706 70
0.698706 71
0.706706 72
0.714706 73
0.722706 74
0.730706 75
0.738706 76
0.746706 77
0.754706 78
0.762706 79
0.770706 80
0.778706 81
0.786706 82
0.794706 83
0.802706 84
0.810706 85
0.818706 86
0.826706 87
0.834706 88
0.842706 89
0.850706 90
0.858706 91
0.866706 92
0.874706 93
0.882706 94
0.890706 95
0.898706 96
0.906706 97
0.914706 98
0.922706 99
0.930706 100
0.938706 101
0.946706 102
0.954706 103
0.962706 104
0.970706 105
0.978706 106
0.986706 107
0.994706 108
1.002706 109
1.010706 110
1.018706 111
1.026706 112
1.034706 113
1.039412 114
1.044118 115
1.050706 116
1.058706 117
1.066706 118
1.074706 119
1.082706 120
1.090706 121
1.098706 122
1.106706 123
1.111412 124
1.116118 125
1.122706 126
1.130706 127
1.138706 128
1.146706 129
1.154706 130
1.162706 131
1.170706 132
1.178706 133
1.183412 134
1.188118 135
1.192824 136
1.197529 137
1.202235 138
1.206941 139
1.211647 140
1.218706 141
1.226706 142
1.234706 143
1.242706 144
1.250706 145
1.255412 146
1.260118 147
1.264824 148
1.269529 149
1.274235 150
1.278941 151
1.283647 152
1.290706 153
1.298706 154
1.306706 155
1.314706 156
1.322706 157
1.327412 158
1.332118 159
1.336824 160
1.341529 161
1.346235 162
1.350941 163
1.355647 164
1.360353 165
1.365059 166
1.369765 167
1.374471 168
1.379176 169
1.383882 170
1.388588 171
1.394706 172
1.399412 173
1.404118 174
1.408824 175
1.413529 176
1.418235 177
1.422941 178
1.427647 179
1.432353 180
1.437059 181
1.441765 182
1.446471 183
1.451176 184
1.455882 185
1.460588 186
1.466706 187
1.471412 188
1.476118 189
1.480824 190
1.485529 191
1.490235 192
1.494941 193
1.499647 194
1.504353 195
1.509059 196
1.513765 197
1.518471 198
1.523176 199
1.527882 200
1.532588 201
1.537294 202
1.542 203
1.546706 204
1.551412 205
1.556118 206
1.560824 207
1.565529 208
1.570235 209
1.574941 210
1.579647 211
1.584353 212
1.589059 213
1.593765 214
1.598471 215
1.603176 216
1.607882 217
1.612588 218
1.617294 219
1.622 220
1.626706 221
1.631412 222
1.636118 223
1.640824 224
1.645529 225
1.650235 226
1.654941 227
1.659647 228
1.664353 229
1.669059 230
1.673765 231
1.678471 232
1.683176 233
1.687882 234
1.692588 235
1.697294 236
1.702 237
1.706706 238
1.711412 239
1.716118 240
1.720824 241
1.725529 242
1.730235 243
1.734941 244
1.739647 245
1.744353 246
1.749059 247
1.753765 248
1.758471 249
1.763176 250
1.767882 251
1.772588 252
1.777294 253
1.782 254
1.786706 255
1.791412 256
1.796118 257
1.800824 258
1.805529 259
1.810235 260
1.814941 261
1.819647 262
1.824353 263
1.829059 264
1.833765 265
1.838471 266
1.843176 267
1.847882 268
1.852588 269
1.857294 270
1.862 271
1.866706 272
1.871412 273
1.876118 274
1.880824 275
1.885529 276
1.890235 277
1.894941 278
1.899647 279
1.904353 280
1.909059 281
1.913765 282
1.918471 283
1.923176 284
1.927882 285
1.932588 286
1.937294 287
1.942 288
1.946706 289
1.951412 290
1.956118 291
1.960824 292
1.965529 293
1.970235 294
1.974941 295
1.979647 296
1.984353 297
1.989059 298
1.993765 299
1.998471 300
2.003176 301
2.007882 302
2.012588 303
2.017294 304
2.022 305
2.026706 306
2.031412 307
2.036118 308
2.040824 309
2.045529 310
2.050235 311
2.054941 312
2.059647 313
2.064353 314
2.069059 315
2.073765 316
2.078471 317
2.083176 318
2.087882 319
2.092588 320
2.097294 321
2.102 322
2.106706 323
2.111412 324
2.116118 325
2.120824 326
2.125529 327
2.130235 328
2.134941 329
2.139647 330
2.144353 331
2.149059 332
2.153765 333
2.158471 334
2.163176 335
2.167882 336
2.172588 337
2.177294 338
2.182 339
2.186706 340
2.191412 341
2.196118 342
2.200824 343
2.205529 344
2.210235 345
2.214941 346
2.219647 347
2.224353 348
2.229059 349
2.233765 350
2.238471 351
2.243176 352
2.247882 353
2.252588 354
2.257294 355
2.262 356
2.266706 357
2.271412 358
2.276118 359
2.280824 360
2.285529 361
2.290235 362
2.294941 363
2.299647 364
2.304353 365
2.309059 366
2.313765 367
2.318471 368
2.323176 369
2.327882 370
2.332588 371
2.337294 372
2.342 373
2.346706 374
2.351412 375
2.356118 376
2.360824 377
2.365529 378
2.370235 379
2.374941 380
2.379647 381
2.384353 382
2.389059 383
2.393765 384
2.398471 385
2.403176 386
2.407882 387
2.412588 388
2.417294 389
2.422 390
2.426706 391
2.431412 392
2.436118 393
2.440824 394
2.445529 395
2.450235 396
2.454941 397
2.459647 398
2.464353 399
2.469059 400
2.473765 401
2.478471 402
2.483176 403
2.487882 404
2.492588 405
2.497294 406
2.502 407
2.506706 408
2.511412 409
2.516118 410
2.520824 411
2.525529 412
2.530235 413
2.534941 414
2.539647 415
2.544353 416
2.549059 417
2.553765 418
2.558471 419
2.563176 420
2.567882 421
2.572588 422
2.577294 423
2.582 424
2.586706 425
2.591412 426
2.596118 427
2.600824 428
2.605529 429
2.610235 430
2.614941 431
2.619647 432
2.624353 433
2.629059 434
2.633765 435
2.638471 436
2.643176 437
2.647882 438
2.652588 439
2.657294 440
2.662 441
2.666706 442
2.671412 443
2.676118 444
2.680824 445
2.685529 446
2.690235 447
2.694941 448
2.699647 449
2.704353 450
2.709059 451
2.713765 452
2.718471 453
2.723176 454
2.727882 455
2.732588 456
2.737294 457
2.742 458
2.746706 459
2.751412 460
2.756118 461
2.760824 462
2.765529 463
2.770235 464
2.774941 465
2.779647 466
2.784353 467
2.789059 468
2.793765 469
2.798471 470
2.803176 471
2.807882 472
2.812588 473
2.817294 474
2.822 475
2.826706 476
2.831412 477
2.836118 478
2.840824 479
2.845529 480
2.850235 481
2.854941 482
2.859647 483
2.864353 484
2.869059 485
2.873765 486
2.878471 487
2.883176 488
2.887882 489
2.892588 490
2.897294 491
2.902 492
2.906706 493
2.911412 494
2.916118 495
2.920824 496
2.925529 497
2.930235 498
2.934941 499
2.939647 500
2.944353 501
2.949059 502
2.953765 503
2.958471 504
2.963176 505
2.967882 506
2.972588 507
2.977294 508
2.982 509
2.986706 510
2.991412 511
2.996118 512
3.000824 513
3.005529 514
3.010235 515
3.014941 516
3.019647 517
3.024353 518
3.029059 519
3.033765 520
3.038471 521
3.043176 522
3.047882 523
3.052588 524
3.057294 525
3.062 526
3.066706 527
3.071412 528
3.076118 529
3.080824 530
3.085529 531
3.090235 532
3.094941 533
3.099647 534
3.104353 535
3.109059 536
3.113765 537
3.118471 538
3.123176 539
3.127882 540
3.132588 541
3.137294 542
3.142 543
3.146706 544
3.151412 545
3.156118 546
3.160824 547
3.165529 548
3.170235 549
3.174941 550
3.179647 551
3.184353 552
3.189059 553
3.193765 554
3.198471 555
3.203176 556
3.207882 557
3.212588 558
3.217294 559
3.222 560
3.226706 561
3.231412 562
3.236118 563
3.240824 564
3.245529 565
3.250235 566
3.254941 567
3.259647 568
3.264353 569
3.269059 570
3.273765 571
3.278471 572
3.283176 573
3.287882 574
3.292588 575
3.297294 576
3.302 577
3.306706 578
3.311412 579
3.316118 580
3.320824 581
3.325529 582
3.330235 583
3.334941 584
3.339647 585
3.344353 586
3.349059 587
3.353765 588
3.358471 589
3.363176 590
3.367882 591
3.372588 592
3.377294 593
3.382 594
3.386706 595
3.391412 596
3.396118 597
3.400824 598
3.405529 599
3.410235 600
3.414941 601
3.419647 602
3.424353 603
3.429059 604
3.433765 605
3.438471 606
3.443176 607
3.447882 608
3.452588 609
3.457294 610
3.462 611
3.466706 612
3.471412 613
3.476118 614
3.480824 615
3.485529 616
3.490235 617
3.494941 618
3.499647 619
3.504353 620
3.509059 621
3.513765 622
3.518471 623
3.523176 624
3.527882 625
3.532588 626
3.537294 627
3.542 628
3.546706 629
3.551412 630
3.556118 631
3.560824 632
3.565529 633
3.570235 634
3.574941 635
3.579647 636
3.584353 637
3.589059 638
3.593765 639
3.598471 640
3.603176 641
3.607882 642
3.612588 643
3.617294 644
3.622 645
3.626706 646
3.631412 647
3.636118 648
3.640824 649
3.645529 650
3.650235 651
3.654941 652
3.659647 653
3.664353 654
3.669059 655
3.673765 656
3.678471 657
3.683176 658
3.687882 659
3.692588 660
3.697294 661
3.702 662
3.706706 663
3.711412 664
3.716118 665
3.720824 666
3.725529 667
3.730235 668
3.734941 669
3.739647 670
3.744353 671
3.749059 672
3.753765 673
3.758471 674
3.763176 675
3.767882 676
3.772588 677
3.777294 678
3.782 679
3.786706 680
3.791412 681
3.796118 682
3.800824 683
3.805529 684
3.810235 685
3.814941 686
3.819647 687
3.824353 688
3.829059 689
3.833765 690
3.838471 691
3.843176 692
3.847882 693
3.852588 694
3.857294 695
3.862 696
3.866706 697
3.871412 698
3.876118 699
3.880824 700
3.885529 701
3.890235 702
3.894941 703
3.899647 704
3.904353 705
3.909059 706
3.913765 707
3.918471 708
3.923176 709
3.927882 710
3.932588 711
3.937294 712
3.942 713
3.946706 714
3.951412 715
3.956118 716
3.960824 717
3.965529 718
3.970235 719
3.974941 720
3.979647 721
3.984353 722
3.989059 723
3.993765 724
3.998471 725
4.003176 726
4.007882 727
4.012588 728
4.017294 729
4.022 730
4.026706 731
4.031412 732
4.036118 733
4.040824 734
4.045529 735
4.050235 736
4.054941 737
4.059647 738
4.064353 739
4.069059 740
4.073765 741
4.078471 742
4.083176 743
4.087882 744
4.092588 745
4.097294 746
4.102 747
4.106706 748
4.111412 749
4.116118 750
4.122706 751
4.130706 752
4.138706 753
4.146706 754
4.154706 755
4.162706 756
4.170706 757
4.178706 758
4.186706 759
4.194706 760
4.202706 761
4.210706 762
4.218706 763
4.226706 764
4.234706 765
4.242706 766
4.250706 767
4.258706 768
4.266706 769
4.274706 770
4.282706 771
4.290706 772
4.298706 773
4.306706 774
4.314706 775
4.322706 776
4.330706 777
4.338706 778
4.346706 779
4.354706 780
4.362706 781
4.370706 782
4.378706 783
4.386706 784
4.394706 785
4.402706 786
4.410706 787
4.418706 788
4.426706 789
4.434706 790
4.442706 791
4.450706 792
4.458706 793
4.466706 794
4.474706 795
4.482706 796
4.490706 797
4.498706 798
4.506706 799
4.514706 800
4.522706 801
4.530706 802
